39.889570 116.357430 1201930748000
39.897788 116.355673 1201931048000
39.905881 116.352143 1201931349000
39.906325 116.349799 1201931649000
39.893894 116.345152 1201931948000
39.880606 116.346268 1201932248000
39.880281 116.353615 1201932548000
39.885865 116.363409 1201932848000
39.887434 116.373177 1201933148000
39.887958 116.371542 1201933448000
39.888235 116.352293 1201933748000
39.889389 116.329201 1201934048000
39.892367 116.323248 1201934348000
39.907654 116.334432 1201934948000
39.910354 116.340412 1201935248000
39.910644 116.357592 1201935848000
39.908756 116.362621 1201936148000
39.908391 116.366183 1201936448000
39.908495 116.364548 1201936748000
39.906544 116.349570 1201937048000
39.906618 116.322557 1201937348000
39.907416 116.308227 1201937648000
39.912062 116.305470 1201937947000
39.922118 116.308527 1201938247000
39.928262 116.316886 1201938547000
39.936969 116.318791 1201938846000
39.943736 116.317659 1201939147000
39.944619 116.312635 1201939447000
39.943680 116.301106 1201939747000
39.949395 116.287019 1201940047000
39.956141 116.282565 1201940347000
39.959223 116.280484 1201940647000
39.957173 116.285366 1201940947000
39.958323 116.295174 1201941247000
39.960923 116.303008 1201941547000
39.964031 116.313020 1201941847000
39.962840 116.320720 1201942147000
39.951910 116.329227 1201942447000
39.934560 116.335802 1201942747000
39.925265 116.339635 1201943047000
39.922219 116.344839 1201943347000
39.919005 116.346064 1201943647000
39.907983 116.346496 1201944247000
39.904533 116.346604 1201944547000
39.895391 116.347481 1201944847000
39.884893 116.350223 1201945147000
39.883318 116.352233 1201945447000
39.885770 116.352626 1201945747000
39.885857 116.354471 1201946047000
39.886312 116.360317 1201946347000
39.879595 116.387333 1201946947000
39.879339 116.392554 1201947247000
39.893286 116.407473 1201947846000
39.892872 116.411428 1201948146000
39.887008 116.414062 1201948446000
39.883699 116.422693 1201948746000
39.888560 116.434013 1201949046000
39.902462 116.437048 1201949346000
39.908206 116.443002 1201949646000
39.915569 116.443983 1201949946000
39.921696 116.443443 1201950246000
39.926315 116.438882 1201950547000
39.932599 116.432151 1201950847000
39.936815 116.429820 1201951147000
39.939469 116.426199 1201951447000
39.948890 116.421750 1201951746000
39.955597 116.424733 1201952046000
39.954842 116.431131 1201952346000
39.949850 116.435915 1201952646000
39.949653 116.442299 1201952946000
39.948178 116.444062 1201953246000
39.943430 116.438566 1201953546000
39.939452 116.432165 1201953846000
39.935371 116.431912 1201954147000
39.933103 116.440677 1201954446000
39.932546 116.449134 1201954746000
39.932436 116.454786 1201955046000
39.931592 116.460669 1201955346000
39.929933 116.466691 1201955646000
39.926994 116.496440 1201956226000
39.927005 116.496455 1201956246000
39.927354 116.495226 1201956546000
39.923476 116.491566 1201956846000
39.915495 116.494869 1201957445000
39.914779 116.491545 1201957745000
39.914410 116.482024 1201958045000
39.914300 116.486721 1201958345000
39.913525 116.495705 1201958645000
39.912546 116.499161 1201958945000
39.914439 116.508340 1201959245000
39.915351 116.520137 1201959545000
39.915392 116.526582 1201959846000
39.914411 116.535995 1201960146000
39.913615 116.543849 1201960446000
39.914139 116.558185 1201960746000
39.912612 116.575664 1201961046000
39.911503 116.592457 1201961346000
39.914382 116.618796 1201961645000
39.923680 116.661161 1201961945000
39.941940 116.693775 1201962245000
39.971365 116.717406 1201962545000
39.998131 116.742544 1201962845000
40.015520 116.751039 1201963145000
40.019860 116.753162 1201963445000
40.020940 116.753691 1201963745000
Average Compression Ratio (points): 0.954545
Total Compression Time (ms): 0.858800, Average Time per Point (ms): 0.007807
Average Error (m): 0.000000, Maximum Error (m): 0.000000
