39.889570 116.357430 1201930748000
39.897260 116.357320 1201931048000
39.907120 116.350600 1201931349000
39.911450 116.351710 1201931649000
39.896550 116.343660 1201931948000
39.876050 116.343470 1201932248000
39.876430 116.352980 1201932548000
39.887660 116.362230 1201932848000
39.887860 116.375560 1201933148000
39.888150 116.378180 1201933448000
39.888100 116.356630 1201933748000
39.888780 116.324370 1201934048000
39.891760 116.315770 1201934348000
39.906710 116.329350 1201934948000
39.912420 116.342310 1201935248000
39.912890 116.356740 1201935848000
39.908470 116.362740 1201936148000
39.907440 116.367410 1201936448000
39.909930 116.367290 1201936748000
39.905730 116.357430 1201937048000
39.906220 116.318870 1201937348000
39.907490 116.302920 1201937648000
39.908060 116.304570 1201937947000
39.924770 116.304500 1201938247000
39.926870 116.319640 1201938547000
39.937140 116.319700 1201938846000
39.945450 116.318890 1201939147000
39.947040 116.314080 1201939447000
39.940660 116.304720 1201939747000
39.948780 116.282350 1201940047000
39.956340 116.282270 1201940347000
39.962490 116.278700 1201940647000
39.955770 116.281970 1201940947000
39.957930 116.297040 1201941247000
39.960260 116.301250 1201941547000
39.964850 116.314360 1201941847000
39.965500 116.320350 1201942147000
39.956330 116.329160 1201942447000
39.932140 116.337870 1201942747000
39.922050 116.338240 1201943047000
39.922400 116.346260 1201943347000
39.918810 116.347200 1201943647000
39.906930 116.346420 1201944247000
39.906280 116.346680 1201944547000
39.897590 116.346560 1201944847000
39.881850 116.350200 1201945147000
39.880480 116.353010 1201945447000
39.887420 116.352690 1201945747000
39.884920 116.352890 1201946047000
39.887820 116.359480 1201946347000
39.882100 116.387050 1201946947000
39.875410 116.394370 1201947247000
39.894010 116.406120 1201947846000
39.896060 116.412570 1201948146000
39.886080 116.413100 1201948446000
39.883000 116.418620 1201948746000
39.881790 116.439470 1201949046000
39.906960 116.434420 1201949346000
39.907370 116.445340 1201949646000
39.915620 116.444280 1201949946000
39.922830 116.444370 1201950246000
39.925590 116.441040 1201950547000
39.932350 116.430050 1201950847000
39.939380 116.429620 1201951147000
39.935900 116.427890 1201951447000
39.949220 116.419230 1201951746000
39.957710 116.422330 1201952046000
39.958080 116.432520 1201952346000
39.947610 116.434750 1201952646000
39.949340 116.443030 1201952946000
39.950080 116.447220 1201953246000
39.942900 116.439510 1201953546000
39.939740 116.431180 1201953846000
39.934870 116.427700 1201954147000
39.932340 116.440030 1201954446000
39.932350 116.450800 1201954746000
39.932380 116.454260 1201955046000
39.932440 116.461490 1201955346000
39.929050 116.464910 1201955646000
39.927150 116.496090 1201956226000
39.926980 116.496500 1201956246000
39.930260 116.498490 1201956546000
39.921890 116.487470 1201956846000
39.914350 116.493330 1201957445000
39.914640 116.497240 1201957745000
39.914340 116.476830 1201958045000
39.914180 116.482890 1201958345000
39.914430 116.499080 1201958645000
39.910940 116.497940 1201958945000
39.914780 116.505060 1201959245000
39.915650 116.524080 1201959545000
39.915670 116.524100 1201959846000
39.914880 116.537930 1201960146000
39.912490 116.541540 1201960446000
39.915070 116.556320 1201960746000
39.912800 116.576250 1201961046000
39.910710 116.591970 1201961346000
39.911980 116.610110 1201961645000
39.922100 116.662740 1201961945000
39.936140 116.700370 1201962245000
39.971800 116.713200 1201962545000
39.999920 116.749450 1201962845000
40.021320 116.753870 1201963145000
40.021300 116.753860 1201964045000
Average Compression Ratio (points): 0.945455
Total Compression Time (ms): 0.105100, Average Time per Point (ms): 0.000955
Average Error (m): 0.006560, Maximum Error (m): 0.927215
