30.662210 104.095710 1538294043000
30.660660 104.094510 1538294226000
30.660570 104.094490 1538294229000
30.660530 104.094530 1538294232000
30.660590 104.094570 1538294236000
30.660710 104.094610 1538294238000
30.661230 104.095000 1538294247000
30.661510 104.095240 1538294254000
30.661760 104.095530 1538294259000
30.661980 104.095860 1538294318000
30.662010 104.095750 1538294343000
30.661730 104.095330 1538294358000
30.661390 104.094960 1538294360000
30.660640 104.094460 1538294381000
30.660560 104.094310 1538294384000
30.660550 104.094180 1538294387000
30.660610 104.093990 1538294390000
30.660690 104.093770 1538294393000
30.660880 104.093380 1538294399000
30.661020 104.092970 1538294408000
30.661240 104.092470 1538294414000
30.662800 104.089250 1538294441000
30.662950 104.088930 1538294444000
30.663060 104.088650 1538294447000
30.663230 104.088340 1538294453000
30.663330 104.088080 1538294486000
30.663380 104.087890 1538294489000
30.663610 104.087350 1538294495000
30.664630 104.085220 1538294519000
30.664930 104.084550 1538294525000
30.665790 104.082790 1538294540000
30.666350 104.081500 1538294549000
30.666850 104.080300 1538294558000
30.667100 104.079760 1538294564000
30.667330 104.079350 1538294615000
30.668600 104.076510 1538294642000
30.668840 104.076040 1538294651000
30.669010 104.075590 1538294720000
30.669380 104.074740 1538294729000
30.669460 104.074580 1538294732000
30.669590 104.074380 1538294738000
30.669630 104.074250 1538294771000
30.669630 104.074130 1538294774000
30.669560 104.073980 1538294777000
30.669400 104.073840 1538294780000
30.668380 104.073120 1538294792000
30.667810 104.072770 1538294798000
30.667570 104.072600 1538294801000
30.667310 104.072390 1538294807000
30.667190 104.072130 1538294843000
30.667170 104.071910 1538294846000
30.667180 104.070550 1538294858000
30.667160 104.070190 1538294861000
30.667160 104.069500 1538294867000
30.667140 104.069120 1538294870000
30.667090 104.066630 1538294891000
30.667100 104.066250 1538294894000
30.667070 104.065330 1538294903000
30.667030 104.064660 1538294909000
30.667010 104.063400 1538294918000
30.666970 104.062490 1538294924000
30.666950 104.060780 1538294939000
30.666960 104.060090 1538294945000
30.667040 104.059750 1538294948000
30.667660 104.058040 1538294963000
30.668170 104.056930 1538294972000
30.668300 104.056590 1538294975000
30.668610 104.055950 1538294981000
30.668740 104.055630 1538294984000
30.669030 104.055000 1538294990000
30.669200 104.054650 1538294993000
30.669820 104.053540 1538295002000
30.670170 104.052820 1538295008000
30.670350 104.052510 1538295011000
30.670440 104.052290 1538295014000
30.670460 104.052180 1538295020000
30.670590 104.051910 1538295032000
30.670990 104.051200 1538295041000
30.671210 104.050730 1538295047000
30.671520 104.050140 1538295053000
30.672080 104.049220 1538295062000
30.672250 104.048890 1538295068000
30.672330 104.048790 1538295077000
30.672450 104.048580 1538295089000
30.672880 104.047710 1538295098000
30.673350 104.046910 1538295107000
30.674060 104.045380 1538295122000
30.674310 104.044880 1538295128000
30.674360 104.044790 1538295134000
30.674400 104.044750 1538295149000
30.674660 104.044250 1538295158000
30.675530 104.042260 1538295179000
Average Compression Ratio (points): 0.290221
Total Compression Time (ms): 0.464200, Average Time per Point (ms): 0.001464
Average Error (m): 0.236499, Maximum Error (m): 0.999784
